0
0
0
0
0
0
0
0
0
0
0
0
0
0
0
0
0
0
0
0
0
0
0
0
0
0
0
0
0
0
0
0
0
0
0
0
0
0
0
0
0
0
0
0
0
0
0
0
0
0
0
0
0
0
0
0
0
0
0
0
0
0
0
0
0
0
0
0
0
0
0
0
0
0
0
0
0
0
0
0
0
0
0
0
0
0
0
0
0
0
0
0
0
0
0
0
0
0
0
0
0
0
0
0
0
0
0
0
0
0
0
0
0
0
0
0
0
0
0
0
0
0
0
0
0
0
0
0
0
0
0
0
0
0
0
0
0
0
0
0
0
0
0
0
0
0
0
0
0
0
0
0
0
0
0
0
0
0
0
0
0
0
0
0
0
0
0
0
0
0
0
0
0
0
0
0
0
0
0
0,00722777768969536
0,0137327776104212
0,0195872775390744
0,0248563274748623
0,0295984724170715
0,0574775140589550
0,0825686515366502
0,105150675266576
0,125474496623509
0,143765935844749
0,209186562490376
0,268065126471441
0,321055834054400
0,368747470879062
0,411669944021259
0,516619611644585
0,611074312505578
0,696083543280472
0,772591850977876
0,841449327905540
0,903421057140438
1,02690396267975
1,13803857766513
1,23805973115198
1,32807876929014
1,40909590361448
1,55458074245988
1,68551709742074
1,80335981688551
1,90941826440381
2,00487086717028
2,13140323350196
2,24528236320047
2,34777357992913
2,44001567498492
2,52303356053513
2,62899960984661
2,72436905422694
2,81020155416924
2,88745080411730
2,95697512907056
3,04385260357500
3,12204233062900
3,19241308497760
3,25574676389134
3,31274707491371
3,38140844740128
3,44320368264009
3,49881939435503
3,54887353489847
3,59392226138756
3,63446611522775
3,68484444343276
3,73018493881727
3,77099138466332
3,80771718592477
3,84077040706008
3,88024058658417
3,91576374815586
3,94773459357038
3,97650835444344
4,00240473922920
4,03300313630848
4,06054169367983
4,08532639531404
4,10763262678483
4,12770823510855
4,15133186464640
4,17259313123047
4,19172827115613
4,20894989708922
4,22444936042900
4,24291271334179
4,25952973096330
4,27448504682266
4,28794483109608
4,30005863694216
4,31582222629665
4,33000945671569
4,34277796409283
4,35426962073225
4,36461211170773
4,37392035358567
4,38438107281999
4,39379572013089
4,40226890271070
4,40989476703252
4,41675804492217
4,42467111143215
4,43179287129113
4,43820245516421
4,44397108064999
4,44916284358719
4,45522426613765
4,46067954643306
4,46558929869894
4,47000807573822
4,47398497507358
4,47860588293121
4,48276470000308
4,48650763536776
4,48987627719598
4,49290805484137
4,49667835317803
4,50007162168103
4,50312556333373
4,50587411082116
4,50834780355984
4,51126854497815
4,51389721225463
4,51626301280346
4,51839223329740
4,52030853174195
4,52203320034205
4,52462710053795
4,52696161071426
4,52906266987293
4,53095362311574
4,53265548103427
4,53453438597955
4,53622540043030
4,53774731343598
4,53911703514109
4,54034978467568
4,54145925925682
4,54245778637984
4,54335646079057
4,54416526776022
4,54489319403290
4,54554832767832
4,54613794795919
4,54666860621198
4,54714619863949
4,54757603182424
4,54761564887192
4,54765130421483
4,54768339402345
4,54771227485121
4,54773826759619
4,54741442824807
4,54712297283476
4,54686066296279
4,54662458407801
4,54641211308171
4,54552642354783
4,54472930296734
4,54401189444489
4,54336622677470
4,54278512587152
4,54226213505866
4,54179144332709
4,54136782076867
4,54098656046609
4,54064342619378
4,54033460534869
4,54005666658811
4,53980652170360
4,53958139130753
4,53937877395107
4,53919641833025
4,53903229827152
4,53888459021866
4,53875165297109
4,53863200944827
4,53852433027773
4,53842741902425
4,53660408248682
4,53496307960313
4,53348617700780
4,53215696467201
4,53096067356980
4,50314794285223
4,47811648520641
4,45558817332517
4,43531269263206
4,41706476000826
4,34161382962358
4,27370799227737
4,21259273866579
4,15758901041536
4,10808565498997
3,98853265894898
3,88093496251209
3,78409703571889
3,69694290160501
3,61850418090252
3,48124263381446
3,35770724143521
3,24652538829389
3,14646172046670
3,05640441942223
2,92465841860778
2,80608701787478
2,69937275721508
2,60332992262135
2,51689137148699
2,40020779187537
2,29519257022491
2,20067887073950
2,11561654120263
2,03906044461944
1,97015995769458
1,87724674035987
1,79362484475864
1,71836513871753
1,65063140328053
1,58967104138723
1,50425115151815
1,42737325063597
1,35818313984201
1,29591204012745
1,23986805038434
1,17310902378066
1,11302589983735
1,05895108828837
1,01028375789428
0,966483160539608
0,914562622920400
0,867834139063114
0,825778503591556
0,787928431667154
0,743793919179378
0,704072857940380
0,668323902825282
0,636149843221694
0,607193189578464
0,581132201299558
0,557677311848542
0,528581800893790
0,502395841034513
0,478828477161165
0,457617849675151
0,438528284937738
0,415792122939764
0,395329577141588
0,376913285923229
0,360338623826706
0,345421427939836
0,327134839702699
0,310676910289275
0,295864773817195
0,282533850992322
0,270536020449936
0,256265752064115
0,243422510516875
0,231863593124360
0,221460567471096
0,212097844383158
0,201240836889480
0,191469530145169
0,182675354075289
0,174760595612398
0,167637312995795
0,159143025059167
0,151498165916202
0,144617792687533
0,138425456781731
0,132852354466509
0,127836562382809
0,120891795028119
0,114641504408898
0,109016242851599
0,103953507450030
0,0993970455886173
0,0946017851377650
0,0902860507319978
0,0864018897668074
0,0829061448981360
0,0797599745163317
0,0755395323666032
0,0717411344318476
0,0683225762905675
0,0652458739634154
0,0624768418689785
0,0596374909687237
0,0570820751584944
0,0547822009292880
