0
80.4583007812500
152.870771484375
222.583791992187
285,325510449219
341,793057060547
392,613849010742
438,352561765918
474,975606370576
507,936346514769
537,601012644542
564,299212161338
588,327591726454
609,953133335058
629,416120782803
646,932809485772
662,697829318445
676,886347167851
689,656013232316
701,148712690334
711,492142202551
720,801228763546
730,314758230941
738,876934751597
746,582893620187
753,518256601918
759,760083285477
765,377727300679
769,298255351861
772,826730597925
776,002358319382
778,860423268694
781,432681723075
783,747714332017
789,237591336316
794,178480640184
798,625281013666
802,627401349799
806,229309652319
806,064679468337
805,916512302754
805,783161853728
805,663146449605
805,555132585895
806,593271671055
807,527596847700
808,368489506680
809,125292899762
809,806415953536
809,284075139432
808,813968406739
808,390872347315
808,010085893833
807,667378085700
807,358941058380
811,623144608792
815,460927804163
818,914932679997
822,023537068247
824,821281017672
827,339250572155
829,605423171190
831,644978510321
833,480578315539
835,132618140235
837,754805544961
840,114774209215
842,238746007044
844,150320625089
845,870737781330
842,877316346947
840,183237056003
837,758565694153
835,576361468487
833,612377665389
835,251237555100
836,726211455840
838,053687966506
839,248416826105
840,323672799745
841,291403176020
842,162360514668
842,946222119451
843,651697563756
844,286625463631
844,858060573518
845,372352172416
845,835214611424
846,251790806532
846,626709382129
846,964136100166
846,132370927649
845,383782272385
844,710052482646
844,103695671881
843,557974542193
843,066825525474
842,624791410427
842,226960706884
841,868913073696
841,546670203826
841,256651620943
840,995634896349
840,760719844214
840,549296297293
840,359015105064
837,916765938307
835,718741688226
833,740519863154
831,960120220589
830,357760542280
831,186632925552
831,932618070497
832,604004700947
833,208252668352
833,752075839017
834,241516692615
834,682013460854
835,078460552269
835,435262934542
835,756385078588
836,045395008229
837,440953163656
838,696955503540
839,827357609436
840,844719504743
841,760345210518
842,584408345717
843,326065167395
843,993556306905
844,594298332465
845,134966155468
846,756918758671
848,216676101554
849,530457710149
850,712861157884
851,777024260846
850,463970272261
849,282221682535
848,218647951781
847,261431594103
846,399936872193
845,624591622474
844,926780897726
844,298751245454
843,733524558408
843,224820540067
842,766986923561
842,354936668705
841,984091439334
841,650330732901
841,349946097111
841,079599924900
841,971737588660
842,774661486044
843,497292993689
844,147661350570
844,732992871763
840,717994365837
837,104495710503
833,852346920703
830,925413009883
828,291172490144
830,462152897380
832,416035263892
834,174529393753
835,757174110628
837,181554355815
863,442500482733
887,077351996960
908,348718359764
927,492948086287
944,722754840159
1036,30262779364
1118,72451345178
1192,90421054410
1259,66593792719
1319,75149257197
1373,82849175227
1558,74769335830
1725,17497480372
1874,95952810460
2009,76562607539
2131,09111424910
2345,87790126169
2539,18600957302
2713,16330705322
2869,74287478540
3010,66448574436
3139,76473638867
3255,95496196855
3360,52616499045
3454,64024771015
3539,34292215789
3616,71077837960
3686,34184897914
3749,00981251873
3805,41097970435
3856,17203017142
3901,85697559178
3938,43172725135
3971,34900374496
4000,97455258922
4027,63754654905
4051,63424111289
4077,77296543910
4101,29781733269
4122,47018403692
4141,52531407073
4158,67493110116
4174,10958642854
4188,00077622319
4200,50284703837
4211,75471077203
4221,88138813233
4232,13074931910
4241,35517438719
4249,65715694847
4257,12894125362
4263,85354712826
4264,22864163418
4264,56622668951
4264,87005323931
4265,14349713413
4265,38959663947
4270,15278541302
4274,43965530922
4278,29783821580
4281,77020283172
4284,89533098605
4287,70794632494
4289,10385091120
4290,36016503883
4291,49084775370
4292,50846219708
4293,42431519612
4295,38403211401
4297,14777734011
4298,73514804360
4300,16378167674
4301,44955194656
4302,60674518941
4303,64821910797
4304,58554563467
4305,42913950870
4306,18837399533
4306,87168503330
4307,48666496747
4308,04014690822
4308,53828065490
4308,98660102691
4308,25464014297
4307,59587534742
4307,00298703143
4306,46938754704
4305,98914801108
4303,28613164748
4300,85341692023
4298,66397366571
4296,69347473664
4294,92002570047
4293,32392156793
4295,29367784863
4297,06645850127
4298,66196108864
4300,09791341728
4301,39027051305
4304,82419268050
4307,91472263120
4310,69619958683
4313,19952884689
4315,45252518095
4315,20942110036
4314,99062742782
4314,79371312254
4314,61649024779
4314,45698966051
4314,31343913196
4314,18424365626
4314,06796772814
4313,96331939282
4313,86913589104
4316,05517152069
4318,02260358737
4319,79329244738
4321,38691242139
4322,82117039800
4320,70575257695
4318,80187653801
4317,08838810296
4315,54624851141
4314,15832287902
4312,90918980987
4311,78497004763
4310,77317226162
4309,86255425421
4309,04299804754
4308,30539746153
4309,91235771538
4311,35862194384
4312,66025974946
4313,83173377451
4314,88606039706
4313,56415357610
4312,37443743724
4311,30369291227
4310,34002283979
4309,47271977456
4306,42134623461
4303,67511004865
4301,20349748128
4298,97904617065
4296,97703999109
4303,12308599198
4308,65452739278
4313,63282465350
4318,11329218815
4322,14571296934
4320,09784089115
4318,25475602079
4316,59597963746
4315,10308089246
4313,75947202197
4312,55022403852
4312,59735007217
4312,63976350245
4312,67793558971
4312,71229046824
4312,74320985891
4312,77103731052
4312,79608201697
4312,81862225277
4312,83890846500
4312,85716605600
4309,46734788790
4306,41651153661
4303,67075882045
4301,19958137590
4298,97552167581
4321,95306716448
4342,63285810428
4361,24466995010
4377,99530061134
4393,07086820646
4406,63887904206
4476,75614348161
4539,86168147720
4596,65666567323
4647,77215144965
4693,77608864844
4705,65883134610
4716,35329977399
4725,97832135909
4734,64084078568
4742,43710826961
4741,50589744265
4740,66780769838
4739,91352692855
4739,23467423569
4738,62370681212
4747,15723456841
4754,83740954907
4761,74956703166
4767,97050876600
4773,56935632690
4771,79572147546
4770,19945010916
4768,76280587950
4767,46982607280
4766,30614424677
4767,52963138459
4768,63076980863
4769,62179439027
4770,51371651374
4771,31644642487
4772,03890334488
4771,55376301039
4771,11713670935
4770,72417303842
4770,37050573458
4770,05220516112
4775,44288308251
4780,29449321176
4784,66094232808
4788,59074653277
4792,12757031700
4786,22731328530
4780,91708195677
4776,13787376109
4771,83658638498
4767,96542774648
4766,75218575308
4765,66026795903
4764,67754194437
4763,79308853119
4762,99708045932
4765,68692319464
4768,10778165642
4770,28655427203
4772,24744962608
4774,01225544472
4775,60058068150
4777,03007339460
4778,31661683639
4779,47450593400
4780,51660612185
4781,45449629091
4786,84039431807
4791,68770254252
4796,05027994451
4799,97659960631
4803,51028730193
4801,01336013424
4798,76612568331
4796,74361467748
4794,92335477223
4793,28512085751
4790,67535877176
4788,32657289458
4786,21266560513
4784,31014904461
4782,59788414015
4782,19219728864
4781,82707912227
4781,49847277255
4781,20272705779
4780,93655591451
4786,37424797931
4791,26817083763
4795,67270141012
4799,63677892536
4803,20444868907
4795,06105460141
4787,73199992252
4781,13585071152
4775,19931642162
4769,85643556071
4765,04784278589
4759,58466006980
4754,66779562532
4750,24261762529
4746,25995742526
4742,67556324523
4741,72050692071
4740,86095622864
4740,08736060577
4739,39112454520
4738,76451209068
4741,60681088161
4744,16487979345
4746,46714181410
4748,53917763269
4750,40400986942
4752,08235888248
4753,59287299423
4754,95233569481
