0
0
0
0
0
0
0
0
0
0
0
0
0,00681802788967558
0,0193146678193607
0,0365342836788275
0,0577195683664790
0,0823895822595138
0,109800016187911
0,138978374969288
0,127503096302099
0,152455014362560
0,180578617785293
0,209916079518163
0,239726446565148
0,269612562488953
0,299328252038103
0,328713582729994
0,357665016731595
0,386118133746628
0,414050760146192
0,441449653003874
0,468312981020498
0,494643484459028
0,520442489500805
0,545651711306384
0,570240416267718
0,594162465346250
0,617068023452757
0,638681504930319
0,659055121551966
0,678241726159008
0,696294309534968
0,713265579748738
0,729207613436975
0,744171569703422
0,758207458390061
0,771363955435344
0,783688258890331
0,795225979925475
0,806021063838720
0,815927557792421
0,823916398426229
0,830004800449986
0,834226266615991
0,836629303872299
0,837275807951409
0,840020524422590
0,844565602506385
0,850634453630774
0,857972882355947
0,864951113921794
0,871420079673852
0,877415745588078
0,882881706413334
0,887469892081957
0,891263053270751
0,894339662196496
0,896773682013106
0,898634426267840
0,899986497443691
0,900889795035312
0,900114693517138
0,897883987843705
0,894401837035117
0,889854626359169
0,884411860911080
0,878227471907397
0,871439902443061
0,864173479435578
0,856539330356714
0,848636286363774
0,845460311271143
0,845999595742519
0,849458122258569
0,855198208317958
0,862703076907530
0,869965081788310
0,876633086409536
0,882734638499353
0,887634039474186
0,891490621919817
0,894446052843296
0,897994010127094
0,901994539794707
0,906045245575380
0,909764108766923
0,913178291092866
0,915534063092764
0,915664751382448
0,913897043528634
0,910523134974836
0,905803749998308
0,903025104845945
0,901839928117151
0,901956064856787
0,903127233108224
0,905145611232107
0,900589703051679
0,889971304932535
0,873661776087239
0,851846291152227
0,824409310999487
0,805520139570600
0,793062165219169
0,785584981900997
0,782016078492306
0,781528903572807
0,783470394809542
0,782339343545972
0,778533191554589
0,772408945085457
0,764286870928803
0,754453870509831
0,745394514497810
0,737048639345728
0,729360690632148
0,722279377288001
0,715757349157969
0,715836197843921
0,720771202632053
0,729319601510767
0,740551347908777
0,753750257698815
0,765520414867364
0,776012073115847
0,785360136567686
0,793685671929924
0,801097280563988
0,804658099325165
0,804847605835315
0,802097138905673
0,796794291152064
0,789286916296205
0,781887515965383
0,774633461820129
0,767555218305214
0,760677171628820
0,754018380398261
0,747593254489604
0,739305533903893
0,729425254142243
0,718193774910072
0,705826439092865
0,692514996161183
0,678429802590407
0,663721823533995
0,648524450156317
0,632955145971552
0,617116934438907
0,566162325173309
0,519414977223220
0,476527502039651
0,437181194531790
0,401083664708064
0,367966664869783
0,373368892020384
0,380534342050086
0,388949992094738
0,398231813655341
0,443906397178573
0,407253575393187
0,490862433221273
0,591600004732177
0,705867247251604
0,830560899967737
0,963014492068572
1,10094586319843
1,24241050929814
1,38576013717846
1,52960587442466
1,67278563813513
1,81433521718412
1,95346266873275
2,08952567110349
2,22201151234059
2,35051942721842
2,47474502550478
2,59446658127567
2,70953297731560
2,81985312039865
2,92538666277726
3,02613588273229
3,12213859275974
3,21346195806842
3,30019712070273
3,38245453593247
3,46035993769964
3,53405085900101
3,60367364122190
3,66938087371762
3,73132921145302
3,78967752433442
3,84458533707410
3,89621152307784
3,94471321999904
3,99024493830904
4,03295783753982
4,07299914780286
4,11051171681479
4,14563366499918
4,17849813331600
4,20923311032138
4,23796132660576
4,26480020621995
4,28986186599533
4,31325315481427
4,33507572590525
4,35542613613904
4,37259836587366
4,38685556125269
4,39859624697481
4,41036782098366
4,42207393883520
4,43363552417228
4,44498835732553
4,45608098855896
4,46525255544287
4,47276835993885
4,47886099773894
4,48373407161923
4,48756550050262
4,49051051835528
4,49325025140758
4,49580268593518
4,49818384308169
4,50040800595321
4,50248793851400
4,50389065840623
4,50472548495266
4,50508718499518
4,50505773757674
4,50470788683544
4,50464521725729
4,50482197193750
4,50519661637667
4,50573309813226
4,50640019366263
4,50825723035339
4,51107826523336
4,51466954617872
4,51886532427779
4,52352422387264
4,52638205023904
4,52772485558547
4,52780219666092
4,52683128140795
4,52500068215676
4,52410904341093
4,52399881238002
4,52453375142335
4,52559626513768
4,52708508304572
4,52891320496853
4,52992836556781
4,53026305244560
4,53003245318894
4,52933650697280
4,52826168869060
4,52579299316593
4,52218804155990
4,51766997792040
4,51243145645365
4,50663820503223
4,50154107411900
4,49706078725543
4,49312681775886
4,48967642538684
4,48665381297027
4,48456087501727
4,48325163538291
4,48259934182927
4,48249410255244
4,48284081556446
4,48191317070344
4,47993678239621
4,47710734514733
4,47359412264076
4,46954303548207
4,46619288211390
4,46344880059485
4,46122752500376
4,45945604926408
4,45807041688743
4,45701467049790
4,45457653895056
4,45101116210225
4,44653958071480
4,44135267270812
4,43561468160633
4,43003179475944
4,42462279933835
4,41940182751079
4,41437902786866
4,40956118623619
4,40608427479397
4,40374077028631
4,40235046955959
4,40175709800813
4,40182535124067
4,40410972261590
4,40819154757165
4,41371306377255
4,42036917312757
4,42790032470530
4,43117428292360
4,43086965905947
4,42758228446929
4,42183382529570
4,41407958987503
4,40814816404872
4,40376686237567
4,40069849977918
4,39873702670996
4,39770365670252
4,39744352044930
4,39782266046595
4,39872546220149
4,40005233769263
4,40171772278618
4,40420406725553
4,40734521490459
4,41099906050675
4,41504444092475
4,41937839319231
4,42391377419973
4,42967172541846
4,43638471694318
4,44382534552578
4,45180094314876
4,46014887932122
4,46277669187536
4,46059015509284
4,45438758296651
4,44487050713145
4,43265344179088
4,41827281237467
4,37181655779504
4,29516193123054
4,18914408016934
4,05284318167405
3,71820475382940
3,41119702186184
3,12953855216682
2,87113628639158
2,63406998751521
2,41657797019744
2,21704400935545
2,03398532968390
1,86604158686596
1,71196475859263
1,57060987026846
1,44092648648483
1,32195090503195
1,21279899544216
1,11265962884602
1,02078865031745
0,936503348915089
0,859177384325770
0,788236132408963
0,723152415054095
0,663442582618436
0,608662919833427
0,558406348471034
0,512299402267004
0,469999451621104
0,431192157450555
0,395589135275738
0,362925812179576
0,332959460715208
0,305467395151567
0,280245316652813
0,257105795094324
0,235876876233325
0,216400803883784
0,198532847599802
0,182140227155782
0,167101125830992
0,153303785166048
0,140645674464264
0,129032728866298
0,118378650336053
0,108604266363351
0,0996369416177534
0,0914100381814251
0,0838624203499313
0,0769380003210379
0,0705853213954476
0,0647571755921538
0,0594102528368383
0,0545048191163654
0,0500044212076747
0,0458756157868575
0,0420877209053739
0,0386125879865816
0,0354243926482400
0,0324994427965504
0,0298160025656426
0,0273541307941675
0,0250955328386858
0,0230234246226475
0,0211224079106858
0,0193783558813631
0,0177783081480396
0,0163103744477427
0,0149636462823328
0,0137281158553512
0,0125946017021570
0,0115546804606945
0,0106006242758665
0,00972534337235461
0,00892233336913267
0,00818562694415841
0,00750974949005359
0,00688967843124183
0,00632080590022186
0,00579890449561638
0,00532009586753797
0,00488082189682382
0,00447781825396681
0,00410809014125395
0,00376889003784766
0,00345769728242905
0,00317219934167803
0,00291027462539269
0,00266997672054375
0,00244951992710436
0,00224726598816913
0,00206171191575150
0,00189147882179037
0,00173530167136731
0,00159201988198836
0,00146056869907189
0,00133997128355219
0,00122933145280017
0,00112782702091759
0,00103470368891522
0,000949269439371762
0,000870889393919048
0,000798981095338576
0,000733010179209702
0,000672486402944681
0,000616960002701542
0,000566018351102332
0,000519282890919571
0,000476406321944560
0,000437070020132624
