34,0539741516113
33,6110725402832
33,2670402526856
33,2670402526856
33,2670402526856
33,2670402526856
33,2670402526856
33,1235084533691
33,1235084533691
33,1235084533691
33,1235084533691
33,1235084533691
33,0833244323731
33,0833244323731
33,0833244323731
33,0833244323731
33,0833244323731
33,0833244323731
32,7296943664551
32,7296943664551
32,7296943664551
32,7296943664551
32,4841270446777
32,4841270446777
32,4841270446777
32,4841270446777
32,4841270446777
32,4841270446777
32,3816719055176
32,3816719055176
32,3816719055176
32,3816719055176
32,3816719055176
32,2888526916504
32,2888526916504
32,2888526916504
32,2888526916504
32,2888526916504
31,4164047241211
31,4164047241211
31,4164047241211
31,4164047241211
31,4164047241211
31,0876579284668
31,0876579284668
31,0876579284668
31,0876579284668
31,0876579284668
31,0876579284668
30,6544589996338
30,6544589996338
30,6544589996338
30,6544589996338
30,6544589996338
29,8989410400391
29,8989410400391
29,8989410400391
29,8989410400391
29,8989410400391
29,2452507019043
29,2452507019043
29,2452507019043
29,2452507019043
29,2452507019043
28,9171352386475
28,9171352386475
28,9171352386475
28,9171352386475
28,9171352386475
28,7935009002686
28,7935009002686
28,7935009002686
28,7935009002686
28,7935009002686
28,4375896453857
28,4375896453857
28,4375896453857
28,4375896453857
28,4375896453857
28,4375896453857
27,7111949920654
27,7111949920654
27,7111949920654
27,7111949920654
27,7111949920654
27,4374790191650
27,4374790191650
27,4374790191650
27,4374790191650
27,4374790191650
26,9165534973145
26,9165534973145
26,9165534973145
26,9165534973145
26,9165534973145
26,6872520446777
26,6872520446777
26,6872520446777
26,6872520446777
26,6872520446777
26,2915287017822
26,2915287017822
26,2915287017822
26,2915287017822
26,2915287017822
25,5501289367676
25,5501289367676
25,5501289367676
25,5501289367676
25,5501289367676
25,5501289367676
25,2707653045654
25,2707653045654
25,2707653045654
25,2707653045654
25,2707653045654
24,3520240783691
24,3520240783691
24,3520240783691
24,3520240783691
24,3520240783691
23,8711299896240
23,8711299896240
23,8711299896240
23,8711299896240
23,8711299896240
23,3297595977783
23,3297595977783
23,3297595977783
23,3297595977783
23,3297595977783
23,0816993713379
23,0816993713379
23,0816993713379
23,0816993713379
23,0816993713379
23,0816993713379
22,9882259368897
22,9882259368897
22,9882259368897
22,9882259368897
22,9882259368897
22,7983455657959
22,7983455657959
22,7983455657959
22,7983455657959
22,7983455657959
22,4306507110596
22,4306507110596
22,4306507110596
22,4306507110596
22,4306507110596
21,8143577575684
21,8143577575684
21,8143577575684
21,8143577575684
21,8143577575684
21,6090717315674
21,6090717315674
21,6090717315674
21,6090717315674
21,6090717315674
21,6090717315674
21,5317211151123
21,5317211151123
21,5317211151123
21,5317211151123
21,5317211151123
21,5025730133057
21,5025730133057
21,5025730133057
21,5025730133057
21,5025730133057
21,4915904998779
21,4915904998779
21,4915904998779
21,4915904998779
21,4915904998779
20,5612258911133
20,5612258911133
20,5612258911133
20,5612258911133
20,5612258911133
20,2352752685547
20,2352752685547
20,2352752685547
20,2352752685547
20,2352752685547
20,8789920806885
20,8789920806885
20,8789920806885
20,8789920806885
20,8789920806885
20,8789920806885
21,8356971740723
21,8356971740723
21,8356971740723
21,8356971740723
21,8356971740723
24,0314826965332
24,0314826965332
24,0314826965332
24,0314826965332
24,0314826965332
27,2657451629639
27,2657451629639
27,2657451629639
27,2657451629639
27,2657451629639
28,1712398529053
28,1712398529053
28,1712398529053
28,1712398529053
28,1712398529053
28,6671028137207
28,6671028137207
28,6671028137207
28,6671028137207
28,6671028137207
29,1500854492188
29,1500854492188
29,1500854492188
29,1500854492188
29,1500854492188
29,1500854492188
29,5244941711426
29,5244941711426
29,5244941711426
29,5244941711426
29,5244941711426
32,1779785156250
32,1779785156250
32,1779785156250
32,1779785156250
32,1779785156250
33,5405578613281
33,5405578613281
33,5405578613281
33,5405578613281
33,5405578613281
34,1420745849609
34,1420745849609
34,1420745849609
34,1420745849609
34,1420745849609
34,8327140808106
34,8327140808106
34,8327140808106
34,8327140808106
34,8327140808106
36,1360435485840
36,1360435485840
36,1360435485840
36,1360435485840
36,1360435485840
36,1360435485840
37,6965942382813
37,6965942382813
37,6965942382813
37,6965942382813
37,6965942382813
39,7653388977051
39,7653388977051
39,7653388977051
39,7653388977051
39,7653388977051
40,4737892150879
40,4737892150879
40,4737892150879
40,4737892150879
40,4737892150879
40,9796600341797
40,9796600341797
40,9796600341797
40,9796600341797
40,9796600341797
40,9796600341797
42,3548431396484
42,3548431396484
42,3548431396484
42,3548431396484
42,3548431396484
43,6395645141602
43,6395645141602
43,6395645141602
43,6395645141602
43,6395645141602
45,0188484191895
45,0188484191895
45,0188484191895
45,0188484191895
45,0188484191895
46,1308555603027
46,1308555603027
46,1308555603027
46,1308555603027
46,1308555603027
47,8723640441895
47,8723640441895
47,8723640441895
47,8723640441895
47,8723640441895
49,4921722412109
49,4921722412109
49,4921722412109
49,4921722412109
49,4921722412109
49,4921722412109
50,5212745666504
50,5212745666504
50,5212745666504
50,5212745666504
50,5212745666504
50,9090499877930
50,9090499877930
50,9090499877930
50,9090499877930
50,7323417663574
50,7323417663574
50,7323417663574
50,7323417663574
50,7323417663574
50,7323417663574
52,2301826477051
52,2301826477051
52,2301826477051
52,2301826477051
52,2301826477051
53,4524078369141
53,4524078369141
53,4524078369141
53,4524078369141
53,4524078369141
55,1691513061523
55,1691513061523
55,1691513061523
55,1691513061523
55,1691513061523
55,9443168640137
55,9443168640137
55,9443168640137
55,9443168640137
55,9443168640137
55,9443168640137
57,8471946716309
57,8471946716309
57,8471946716309
57,8471946716309
57,8471946716309
57,8684997558594
57,8684997558594
57,8684997558594
57,8684997558594
57,8684997558594
58,0309219360352
58,0309219360352
58,0309219360352
58,0309219360352
58,0309219360352
57,7959823608398
57,7959823608398
57,7959823608398
57,7959823608398
57,7959823608398
56,3535232543945
56,3535232543945
56,3535232543945
56,3535232543945
56,3535232543945
56,3535232543945
55,6991806030273
55,6991806030273
55,6991806030273
55,6991806030273
55,6991806030273
56,5803871154785
56,5803871154785
56,5803871154785
56,5803871154785
56,5803871154785
56,5478324890137
56,5478324890137
56,5478324890137
56,5478324890137
56,5478324890137
54,9831275939941
54,9831275939941
54,9831275939941
54,9831275939941
54,9831275939941
54,8002548217773
54,8002548217773
54,8002548217773
54,8002548217773
54,8002548217773
55,1821517944336
55,1821517944336
55,1821517944336
55,1821517944336
55,1821517944336
55,2418365478516
55,2418365478516
55,2418365478516
55,2418365478516
55,2418365478516
55,2418365478516
53,5573387145996
53,5573387145996
53,5573387145996
53,5573387145996
53,5573387145996
52,8549003601074
52,8549003601074
52,8549003601074
52,8549003601074
52,8549003601074
53,5915946960449
53,5915946960449
53,5915946960449
53,5915946960449
53,5915946960449
53,5915946960449
53,8691864013672
53,8691864013672
53,8691864013672
53,8691864013672
52,7535781860352
52,7535781860352
52,7535781860352
52,7535781860352
52,7535781860352
52,7535781860352
51,7942695617676
51,7942695617676
51,7942695617676
51,7942695617676
51,7942695617676
51,7519760131836
51,7519760131836
51,7519760131836
51,7519760131836
51,7519760131836
51,7594490051270
51,7594490051270
51,7594490051270
51,7594490051270
51,7594490051270
50,9247856140137
50,9247856140137
50,9247856140137
50,9247856140137
50,9247856140137
50,9247856140137
50,6102790832520
50,6102790832520
50,6102790832520
